[
[0.1536, -0.2444], 
[0.1575, -0.2571], 
[0.1575, -0.2736], 
[0.163, -0.2847], 
[0.1796, -0.2847], 
[0.1818, -0.2703], 
[0.1818, -0.2538], 
[0.1818, -0.2372], 
[0.1818, -0.2206], 
[0.1724, -0.2135], 
[0.1608, -0.2085], 
[0.1575, -0.1953], 
[0.1669, -0.1881], 
[0.1834, -0.1881], 
[0.2, -0.1881], 
[0.2166, -0.1881], 
[0.2282, -0.1831], 
[0.2392, -0.1776], 
[0.2558, -0.1776], 
[0.258, -0.1919], 
[0.258, -0.2085], 
[0.2563, -0.2234], 
[0.2398, -0.2234], 
[0.2232, -0.2234], 
[0.2116, -0.2284], 
[0.216, -0.2339], 
[0.2276, -0.2389], 
[0.2442, -0.2389], 
[0.258, -0.2416], 
[0.258, -0.2582], 
[0.258, -0.2747], 
[0.2458, -0.2792], 
[0.2337, -0.2836], 
[0.2331, -0.2996], 
[0.2215, -0.3045], 
[0.2083, -0.3079], 
[0.2083, -0.3244], 
[0.1928, -0.3255], 
[0.1763, -0.3255], 
[0.1641, -0.3299], 
[0.1614, -0.336], 
[0.173, -0.341], 
[0.1895, -0.341], 
[0.2061, -0.341], 
[0.2226, -0.341], 
[0.2392, -0.341], 
[0.2558, -0.341], 
[0.269, -0.3377], 
[0.2834, -0.3355], 
[0.2834, -0.3189], 
[0.2961, -0.315], 
[0.3126, -0.315], 
[0.3242, -0.3101], 
[0.3341, -0.3034], 
[0.3341, -0.2869], 
[0.3341, -0.2703], 
[0.3286, -0.2593], 
[0.3121, -0.2593], 
[0.3099, -0.2449], 
[0.2994, -0.2389], 
[0.2878, -0.2339], 
[0.2845, -0.2206], 
[0.2845, -0.2041], 
[0.285, -0.1881], 
[0.2966, -0.1831], 
[0.3088, -0.1787], 
[0.3137, -0.1671], 
[0.3303, -0.1671] 
]